0 0.3245192307692308 0.296875 0.0889423076923077 0.0889423076923077
0 0.671875 0.02403846153846154 0.12740384615384615 0.04807692307692308
0 0.3786057692307692 0.4266826923076923 0.16346153846153846 0.1201923076923077
0 0.859375 0.019230769230769232 0.18509615384615385 0.038461538461538464
0 0.23317307692307693 0.5600961538461539 0.19471153846153846 0.11538461538461539
0 0.02403846153846154 0.6538461538461539 0.04326923076923077 0.1778846153846154
0 0.5360576923076923 0.08413461538461539 0.18509615384615385 0.11298076923076923
0 0.5396634615384616 0.08533653846153846 0.20192307692307693 0.11538461538461539
0 0.7764423076923077 0.0889423076923077 0.10817307692307693 0.09134615384615384
0 0.12860576923076922 0.15625 0.25 0.12259615384615384
0 0.5408653846153846 0.19831730769230768 0.16826923076923078 0.15625
0 0.9074519230769231 0.25961538461538464 0.18269230769230768 0.15384615384615385