0 0.5841346153846154 0.5084134615384616 0.06490384615384616 0.11298076923076923
0 0.3161057692307692 0.5348557692307693 0.10096153846153846 0.12259615384615384
0 0.4675480769230769 0.6706730769230769 0.15865384615384615 0.20192307692307693
0 0.5132211538461539 0.8774038461538461 0.11538461538461539 0.16105769230769232
0 0.9158653846153846 0.09615384615384616 0.16346153846153846 0.13942307692307693
0 0.5024038461538461 0.17067307692307693 0.1201923076923077 0.06490384615384616
0 0.24879807692307693 0.18629807692307693 0.06971153846153846 0.08413461538461539
0 0.18028846153846154 0.23677884615384615 0.0625 0.04807692307692308
0 0.5961538461538461 0.37259615384615385 0.07932692307692307 0.08653846153846154
0 0.7223557692307693 0.375 0.09375 0.11298076923076923
0 0.1935096153846154 0.375 0.18028846153846154 0.09134615384615384