0 0.5204326923076923 0.5528846153846154 0.06971153846153846 0.11778846153846154
0 0.23557692307692307 0.5817307692307693 0.10817307692307693 0.12980769230769232
0 0.3954326923076923 0.7247596153846154 0.16826923076923078 0.21394230769230768
0 0.44711538461538464 0.9266826923076923 0.125 0.1346153846153846
0 0.8882211538461539 0.11538461538461539 0.20673076923076922 0.14182692307692307
0 0.4338942307692308 0.1971153846153846 0.12740384615384615 0.0673076923076923
0 0.16346153846153846 0.21394230769230768 0.07211538461538461 0.09134615384615384
0 0.09134615384615384 0.2668269230769231 0.0673076923076923 0.05048076923076923
0 0.5336538461538461 0.4098557692307692 0.08413461538461539 0.09134615384615384
0 0.6670673076923077 0.41346153846153844 0.0985576923076923 0.11778846153846154
0 0.1045673076923077 0.41346153846153844 0.19230769230769232 0.09615384615384616