0 0.5745192307692307 0.5180288461538461 0.06490384615384616 0.10817307692307693
0 0.3125 0.5432692307692307 0.0985576923076923 0.11778846153846154
0 0.46033653846153844 0.6754807692307693 0.15384615384615385 0.19471153846153846
0 0.5048076923076923 0.8762019230769231 0.11298076923076923 0.15384615384615385
0 0.9086538461538461 0.11899038461538461 0.1778846153846154 0.1346153846153846
0 0.4951923076923077 0.19110576923076922 0.11778846153846154 0.0625
0 0.24639423076923078 0.20673076923076922 0.0673076923076923 0.08173076923076923
0 0.17908653846153846 0.2548076923076923 0.0625 0.04807692307692308
0 0.5865384615384616 0.3870192307692308 0.07692307692307693 0.08413461538461539
0 0.7103365384615384 0.3894230769230769 0.09134615384615384 0.10817307692307693
0 0.19110576923076922 0.3894230769230769 0.17548076923076922 0.0889423076923077