0 0.9194711538461539 0.19831730769230768 0.10576923076923077 0.21153846153846154
0 0.296875 0.30408653846153844 0.08653846153846154 0.2692307692307692
0 0.8569711538461539 0.4266826923076923 0.08173076923076923 0.14423076923076922
0 0.010817307692307692 0.4639423076923077 0.021634615384615384 0.17307692307692307
0 0.08413461538461539 0.4699519230769231 0.10336538461538461 0.19230769230769232
0 0.19591346153846154 0.47596153846153844 0.0985576923076923 0.11778846153846154
0 0.43149038461538464 0.5264423076923077 0.1346153846153846 0.13942307692307693
0 0.7680288461538461 0.5336538461538461 0.04807692307692308 0.12740384615384615
0 0.3016826923076923 0.5637019230769231 0.09375 0.11778846153846154
0 0.6682692307692307 0.8545673076923077 0.0625 0.22355769230769232
0 0.5084134615384616 0.8786057692307693 0.10336538461538461 0.18269230769230768
0 0.9495192307692307 0.9098557692307693 0.052884615384615384 0.11057692307692307
0 0.6057692307692307 0.9387019230769231 0.055288461538461536 0.11778846153846154