0 0.9723557692307693 0.1778846153846154 0.052884615384615384 0.22115384615384615
0 0.35697115384615385 0.2848557692307692 0.09134615384615384 0.27884615384615385
0 0.9362980769230769 0.4110576923076923 0.08413461538461539 0.14903846153846154
0 0.036057692307692304 0.45072115384615385 0.07211538461538461 0.1778846153846154
0 0.13822115384615385 0.4567307692307692 0.10817307692307693 0.19951923076923078
0 0.2536057692307692 0.46274038461538464 0.10096153846153846 0.12259615384615384
0 0.4963942307692308 0.5144230769230769 0.13701923076923078 0.14423076923076922
0 0.8449519230769231 0.5216346153846154 0.04807692307692308 0.1346153846153846
0 0.3629807692307692 0.5540865384615384 0.09615384615384616 0.12259615384615384
0 0.7415865384615384 0.8545673076923077 0.06490384615384616 0.23317307692307693
0 0.5757211538461539 0.8798076923076923 0.10576923076923077 0.1875
0 0.6766826923076923 0.9399038461538461 0.057692307692307696 0.11538461538461539