0 0.9735576923076923 0.25721153846153844 0.05048076923076923 0.22115384615384615
0 0.3641826923076923 0.3641826923076923 0.0889423076923077 0.2764423076923077
0 0.9387019230769231 0.49038461538461536 0.08173076923076923 0.1466346153846154
0 0.04326923076923077 0.5276442307692307 0.07451923076923077 0.17307692307692307
0 0.1466346153846154 0.5360576923076923 0.10817307692307693 0.19951923076923078
0 0.2620192307692308 0.5420673076923077 0.10096153846153846 0.12259615384615384
0 0.5024038461538461 0.5925480769230769 0.13701923076923078 0.14182692307692307
0 0.8473557692307693 0.6009615384615384 0.04807692307692308 0.13221153846153846
0 0.3701923076923077 0.6322115384615384 0.09615384615384616 0.12259615384615384
0 0.7463942307692307 0.9074519230769231 0.06490384615384616 0.18269230769230768
0 0.5817307692307693 0.9302884615384616 0.10576923076923077 0.1346153846153846
0 0.6814903846153846 0.9783653846153846 0.055288461538461536 0.038461538461538464