0 0.17548076923076922 0.14543269230769232 0.04326923076923077 0.028846153846153848
0 0.4026442307692308 0.1658653846153846 0.04567307692307692 0.019230769230769232
0 0.3425480769230769 0.1971153846153846 0.0673076923076923 0.03125
0 0.44591346153846156 0.22596153846153846 0.026442307692307692 0.01201923076923077
0 0.0733173076923077 0.22596153846153846 0.0889423076923077 0.06490384615384616
0 0.14903846153846154 0.2548076923076923 0.038461538461538464 0.028846153846153848
0 0.3269230769230769 0.3125 0.052884615384615384 0.052884615384615384
0 0.10336538461538461 0.36538461538461536 0.07692307692307693 0.03365384615384615
0 0.5600961538461539 0.41586538461538464 0.11298076923076923 0.04326923076923077
0 0.7463942307692307 0.5012019230769231 0.11778846153846154 0.06971153846153846
0 0.484375 0.5048076923076923 0.1875 0.0985576923076923
0 0.21754807692307693 0.6490384615384616 0.09375 0.07211538461538461
0 0.7632211538461539 0.6646634615384616 0.14903846153846154 0.11057692307692307