0 0.12860576923076922 0.09134615384615384 0.04807692307692308 0.03365384615384615
0 0.390625 0.11538461538461539 0.052884615384615384 0.021634615384615384
0 0.32211538461538464 0.15264423076923078 0.07692307692307693 0.036057692307692304
0 0.4411057692307692 0.18629807692307693 0.03125 0.014423076923076924
0 0.03245192307692308 0.18629807692307693 0.06490384615384616 0.07932692307692307
0 0.09975961538461539 0.21875 0.04567307692307692 0.03365384615384615
0 0.30528846153846156 0.2848557692307692 0.057692307692307696 0.06009615384615385
0 0.04567307692307692 0.34615384615384615 0.0889423076923077 0.040865384615384616
0 0.5733173076923077 0.40384615384615385 0.12740384615384615 0.05048076923076923
0 0.7884615384615384 0.5036057692307693 0.13701923076923078 0.08173076923076923
0 0.4855769230769231 0.5072115384615384 0.21634615384615385 0.11298076923076923
0 0.1778846153846154 0.6742788461538461 0.10817307692307693 0.08413461538461539
0 0.8076923076923077 0.6923076923076923 0.17307692307692307 0.12980769230769232