0 0.17307692307692307 0.16466346153846154 0.04326923076923077 0.028846153846153848
0 0.3954326923076923 0.18509615384615385 0.04326923076923077 0.019230769230769232
0 0.33653846153846156 0.21634615384615385 0.0673076923076923 0.03125
0 0.4387019230769231 0.24519230769230768 0.026442307692307692 0.01201923076923077
0 0.0733173076923077 0.24519230769230768 0.08653846153846154 0.0625
0 0.14783653846153846 0.27283653846153844 0.038461538461538464 0.026442307692307692
0 0.32211538461538464 0.328125 0.05048076923076923 0.052884615384615384
0 0.10216346153846154 0.38100961538461536 0.07692307692307693 0.03365384615384615
0 0.5504807692307693 0.43028846153846156 0.11057692307692307 0.04326923076923077
0 0.7319711538461539 0.5144230769230769 0.11538461538461539 0.06971153846153846
0 0.47596153846153844 0.5168269230769231 0.18509615384615385 0.09615384615384616
0 0.21514423076923078 0.6586538461538461 0.09134615384615384 0.07211538461538461
0 0.7487980769230769 0.6742788461538461 0.1466346153846154 0.10817307692307693